B=[1 4;3 5;3 2]
[[3;4;5],B]