x=[3,1,4];
y=[0,1,5];