a= 3:8
a>5